RouteNum;Authority;City;Transport;Operator;ValidityPeriods;SpecialDates;RouteTag;RouteType;Commercial;RouteName;Weekdays;Streets;RouteStops;RouteStopsPlatforms;Pikas2022.12.4
3A;Utena;utena;bus;UAB "Utenos autobusų parkas";19389,,,,,-44958,;0;;a-b;A;Ąžuolija - Reabilitacijos skyrius;12345;;940006,940081,940016,940067,940030,940012,940021,940014,940023,940063,940005,940038,940052;
ogA_`@_s@_J,,19389,,19722,,12345,,1,,1,,2,,2,,3,,2,,2,,2,,1,,2,,2,,2,,
;;;;;;;;b-a;A;Reabilitacijos skyrius - Ąžuolija;12345;;940052,940039,940005,940062,940022,940013,940020,940011,940031,940066,940017,940004,940006;
orE__B,,19389,,19722,,12345,,2,,2,,2,,1,,2,,2,,2,,3,,2,,2,,1,,1,,
;;;;;;;;b-b1-a;A;Reabilitacijos skyrius - Aukštakalnio žiedas - Autobusų stotis;12345;;940052,940039,940005,940062,940022,940013,940020,940011,940031,940001;
oxB,,19389,,19722,,12345,,2,,2,,2,,1,,2,,1,,1,,2,,1,,
;;;;;;;;a-a1;A;Ažuolija - Autobusų stotis;12345;;940006,940081,940016,940067,940001;
o}E__B,,19389,,19722,,12345,,1,,1,,2,,2,,
;;;;;;;;a1-a;A;Autobusų stotis - Ąžuolijos;12345;;940001,940066,940017,940004,940006;
odA_zB~Y,,19389,,19722,,12345,,2,,2,,1,,1,,
;;;;;;;;b-b1;A;Reabilitacijos skyrius - Aukštakalnio žiedas;12345;;940052,940039,940005;
orA,,19389,,19722,,12345,,2,,2,,
4;;;;;19389,,,,,-55,;;;a-b;A;Aukštakalnio žiedas - Pramonės rajonas;1234567;;940005,940062,940022,940013,940020,940011,940009,940065,940041,940043,940028,940071,940046;
_[_M_J~S_LnJo[~J~C??o_@n_@?~`I_aI???_S~R???_O~N_iA~tM_kK???_S~R???_eC,,19389,14,19334,,19722,,12345,14,6,13,7,,2,,2,,2,,1,,2,,3,,2,,1,13,6,1,4,,2,,2,,1,13,6,1,4,,2,,
;;;;;;;;b-a;A;Pramonės rajonas - Aukštakalnio žiedas;1234567;;940047,940070,940029,940042,940015,940040,940064,940010,940012,940021,940014,940023,940063,940005;
_aA_A_G~D_Lo_@n_@???o_@n_@~jH_kH??_i@~h@???_O~N_iA~tM_kK??_i@~h@???_eC,,19389,12,19334,,19722,,12345,12,6,12,7,,2,,1,,2,,1,,1,,1,,2,,3,,2,,2,,2,9,4,1,6,,1,,2,9,4,1,6,,
;;;;;;;;a-c;A;Aukštakalnio žiedas - Autobusų stotis;1234567;;940005,940062,940022,940013,940020,940011,940031,940001;
onGoKoi@_c@~zF_wH,,19389,1,19334,,19722,,12345,1,6,3,7,,2,,1,,2,,1,,1,,2,,1,,
;;;;;;;;b-c;A;Pramonės rajonas - Autobusų stotis;1234567;;940047,940070,940029,940042,940015,940040,940064,940010,940031,940001;
o`CoLnQ,,19389,1,19334,,19722,,12345,1,6,1,7,,1,,1,,1,,1,,1,,1,,2,,2,1,6,,1,,
;;;;;;;;c-a;A;Autobusų stotis - Aukštakalnio žiedas;1234567;;940001,940030,940012,940021,940014,940023,940063,940005;
_V_MozA_d@nrK_aK~B~F~jN_wN_qB,,19389,4,19334,,19722,,12345,4,6,4,7,,1,,2,,2,,1,,2,,1,,1,,
;;;;;19389,,,,,-44958,;;;c-b;A;Autobusų stotis - Pramonės rajonas;12345;;940001,940030,940009,940065,940041,940043,940028,940071,940046;
obA,,19389,,19722,,12345,,1,,2,,2,,1,,2,,1,,1,,1,,
4A;;;;;19389,,,,,,-44958;;;a-b;A;Aukštakalnio žiedas - Utenos trikotažas;123456;;940005,940062,940022,940013,940020,940011,940009,940065,940041,940043,940042;
oh@oz@nl@?~H_@^_I,,19389,,19722,,12345,1,6,,2,,2,,2,,1,,2,,3,4,6,1,4,1,6,,2,,1,1,6,3,4,1,6,1,4,,2,1,6,4,7,1,3,,0,,
;;;;;;;;b-a;A;Utenos trikotažas - Aukštakalnio žiedas;123456;;940042,940015,940040,940064,940010,940012,940021,940014,940023,940063,940005;
oaI_}@~sI_dH?~H_A~A,,19389,,19722,,12345,2,6,,1,,1,,1,,2,,3,5,6,1,4,1,6,,2,5,4,1,6,1,4,,2,5,6,1,4,1,6,,2,2,6,3,4,1,6,1,4,,1,2,6,,2,,
;;;;;-25569,,,,,44958,-44958;;;a-c;A;Aukštakalnio žiedas - Autobusų stotis;6;;940005,940062,940022,940013,940020,940011,940031,940001;
_vD,,19389,,19722,,6,,1,,1,,2,,1,,2,,2,,1,,
;;;;;19389,,,,,,-44958;;;b-c;A;Utenos trikotažas - Autobusų stotis;123456;;940042,940015,940040,940064,940010,940031,940001;
_q@opC,,19389,,19722,,12345,1,6,,1,,1,,1,,2,,2,,1,,
;;;;;;;;c-a;A;Autobusų stotis - Aukštakalnio žiedas;123456;;940001,940030,940012,940021,940014,940023,940063,940005;
oc@oz@nP,,19389,,19722,,12345,1,6,,1,,2,,2,,1,,2,,1,,1,,
;;;;;19389,,,,,-44958,;;;c-b;A;Autobusų stotis - Utenos trikotažas;12345;;940001,940030,940009,940065,940041,940043,940042;
o}H_}@,,19389,,19722,,12345,,1,,2,,2,,1,,2,,0,,
4B;;;;;;;;a-b;A;Aukštakalnio žiedas - Umaras;12345;;940005,940062,940022,940013,940020,940011,940009,940065,940100,940041,940043,940028,940071,940046,940101;
_}A,,19389,,19722,,12345,,2,,2,,2,,1,,2,,3,,2,,1,,0,,2,,2,,1,,2,,3,,
;;;;;;;;b-a;A;Umaras - Aukštakalnio žiedas;12345;;940101,940070,940029,940042,940015,940040,940064,940010,940012,940021,940014,940023,940063,940005;
oiB_}G,,19389,,19722,,12345,,4,,1,,2,,1,,1,,1,,2,,3,,2,,2,1,4,,2,,1,,2,,
;;;;;;;;a-c;A;Aukštakalnio žiedas - Autobusų stotis;12345;;940005,940062,940022,940013,940020,940011,940031,940001;
_xK,,19389,,19722,,12345,,2,,1,,2,,1,,1,,2,,1,,
;;;;;;;;c-b;A;Autobusų stotis - Umaras;12345;;940001,940030,940009,940065,940100,940041,940102,940043,940028,940071,940046,940101;
_eK,,19389,,19722,,12345,,1,,2,,2,,1,,1,,0,,1,,2,,1,,2,,2,,
5;;;;;19358,,,,,-44927,;;;a-b;A;Aukštakalnio žiedas - Šilinė;12345;;940005,940062,940022,940013,940020,940011,940031,940024,940045,940019,940033,940059,940053;
_jB_dC~vB?_nA,,19358,,19722,,12345,,2,,2,,2,,1,,2,,3,,1,,1,,2,,1,,1,,0,,
;;;;;;;;b-a;A;Šilinė - Aukštakalnio žiedas;12345;;940053,940032,940018,940044,940025,940030,940012,940021,940014,940023,940063,940005;
_sB_dC~vB,,19358,,19722,,12345,,1,,1,,2,,1,,1,,3,,2,,2,,2,,1,,2,,
;;;;;;;;a-c;A;Aukštakalnio žiedas - Autobusų stotis;12345;;940005,940062,940022,940013,940020,940011,940031,940001;
_|B,,19358,,19722,,12345,,2,,1,,2,,1,,1,,2,,1,,
;;;;;;;;b-c;A;Šilinė - Autobusų stotis;12345;;940053,940032,940018,940044,940025,940001;
_aH__B,,19358,,19722,,12345,,1,,1,,2,,1,,1,,
;;;;;;;;c-a;A;Autobusų stotis - Aukštakalnio žiedas;12345;;940001,940030,940012,940021,940014,940023,940063,940005;
_oF,,19358,,19722,,12345,,1,,2,,1,,1,,1,,2,,2,,
5A;;;;;19389,,,,,-44958,;;;b-a;A;Šilinė (Užpalių gatve) - Aukštakalnio žiedas;12345;;940053,940032,940018,940044,940025,940030,940074,940008,940051,940076,940023,940063,940005;
_gD_hB,,19389,,19722,,12345,,2,,1,,2,,1,,1,,3,,1,,1,,2,,3,,1,,2,,
;;;;;;;;a-c;A;Aukštakalnio žiedas - Autobusų stotis;12345;;940005,940062,940022,940077,940050,940007,940010,940031,940001;
_qD_hB,,19389,,19722,,12345,,2,,1,,2,,1,,1,,2,,2,,1,,
;;;;;;;;c-b;A;Autobusų stotis - Šilinė (Užpalių gatvė);12345;;940001,940024,940045,940019,940033,940059,940053;
_dD_hB,,19389,,19722,,12345,,1,,1,,2,,1,,1,,0,,
7;;;;;;;;a-b;A;Ąžuolija - Pramonės rajonas;12345;;940006,940081,940016,940067,940030,940009,940065,940041,940043,940028,940071,940046;
om@_YnModG,,19389,,19722,,12345,,1,,1,,2,,2,,2,,2,,1,,2,,2,,1,,2,,
;;;;;;;;b-a;A;Pramonės rajonas - Ąžuolija;12345;;940047,940070,940029,940042,940015,940040,940064,940010,940031,940066,940017,940004,940006;
_f@oi@~]orF~pF,,19389,,19722,,12345,,1,3,6,,1,,1,3,6,,1,,1,,1,,2,,2,,2,,1,3,6,,1,,1,,
;;;;;;;;a-c;A;Ąžuolija - Autobusų stotis;12345;;940006,940081,940016,940067,940001;
_eK,,19389,,19722,,12345,,1,,1,,2,,2,,
;;;;;;;;b-c;A;Pramonės rajonas - Autobusų stotis;12345;;940047,940070,940029,940042,940015,940040,940064,940010,940031,940001;
ov@,,19389,,19722,,12345,,1,,1,,1,,1,,1,,1,,2,,2,,1,,
;;;;;;;;c-a;A;Autobusų stotis - Ąžuolija;12345;;940001,940066,940017,940004,940006;
oiA,,19389,,19722,,12345,,2,,2,,1,,1,,
7A;;;;;-25569,,,,,44927,-44927;;;a-b;A;Ąžuolija - Utenos trikotažas;6;;940006,940081,940016,940067,940030,940009,940065,940041,940043,940042;
_qB,,19358,,19722,,6,,1,,2,,2,,3,,2,,2,,1,,2,,0,,
;;;;;;;;b-a;A;Utenos trikotažas - Ąžuolija;6;;940042,940015,940040,940064,940010,940031,940066,940017,940004,940006;
o}E,,19358,,19722,,6,,1,,1,,1,,2,,2,,3,,2,,2,,1,,
;;;;;;;;a-c;A;Ąžuolija - Autobusų stotis;6;;940006,940081,940016,940067,940001;
_eF,,19358,,19722,,6,,1,,1,,2,,2,,
;;;;;;;;b-c;A;Utenos trikotažas - Autobusų stotis;6;;940042,940015,940040,940064,940010,940031,940001;
oxB,,19358,,19722,,6,,1,,1,,1,,2,,2,,1,,
;;;;;;;;c-a;A;Autobusų stotis - Ąžuolija;6;;940001,940066,940017,940004,940006;
_nB,,19358,,19722,,6,,2,,2,,1,,1,,
;;;;;;;;c-b;A;Autobusų stotis - Utenos trikotažas;6;;940001,940030,940009,940065,940041,940043,940042;
oyE,,19358,,19722,,6,,1,,2,,2,,1,,2,,0,,
8;;;;;19389,,,,,-44958,;;;a-b;A;Aukštakalnio žiedas - Aukštaičių g.;12345;;940005,940062,940022,940013,940020,940011,940009,940065,940041,940043,940028,940072,940026,940078,940061;
oeBo~E~cE~B,,19389,,19722,,12345,,2,,2,,2,,1,,2,,3,,2,,1,,2,,2,,2,1,4,1,6,,2,1,4,1,6,,1,,1,,
;;;;;;;;b-a;A;Aukštaičių g. - Aukštakalnio žiedas;12345;;940061,940079,940027,940073,940029,940042,940015,940040,940064,940010,940012,940021,940014,940023,940063,940005;
_}IoUnA,,19389,,19722,,12345,,2,,2,,2,,1,,2,,1,2,6,,2,2,4,,2,,1,,2,,2,,2,,2,,1,,1,,
;;;;;;;;a-c;A;Aukštakalnio žiedas - Autobusų stotis;12345;;940005,940062,940022,940013,940020,940011,940031,940001;
_~K,,19389,,19722,,12345,,2,,1,,2,,1,,1,,2,,1,,
;;;;;;;;b-c;A;Aukštaičių g. - Autobusų stotis;12345;;940061,940079,940027,940073,940029,940042,940015,940040,940064,940010,940031,940001;
_rB,,19389,,19722,,12345,,1,,1,,1,,2,,2,,1,,1,,1,,2,,2,,1,,
9;;;;;19266,,,,,-44835,;;;a-b;A;Aukštakalnio žiedas - Narkūnai;12345;;940005,940062,940022,940013,940020,940011,940031,940024,940045,940019,940033,940059,940304,940307,940309;
_gEopC,,19266,,19461,,12345,,2,,2,,2,,1,,2,,3,,1,,1,,2,,1,,1,,1,,2,,3,,
;;;;;;;;b-a;A;Narkūnai - Aukštakalnio žiedas;12345;;940309,940308,940303,940053,940032,940018,940044,940025,940030,940012,940021,940014,940023,940063,940005;
_sEopC,,19266,,19461,,12345,,3,,2,,1,,1,,1,,2,,1,,1,,3,,2,,2,,2,,1,,2,,
;;;;;;;;a-c;A;Aukštakalnio žiedas - Autobusų stotis;12345;;940005,940062,940022,940013,940020,940011,940031,940001;
__F,,19266,,19461,,12345,,1,,1,,2,,1,,2,,2,,1,,
;;;;;;;;c-a;A;Autobusų stotis - Aukštakalnio žiedas;12345;;940001,940030,940012,940021,940014,940023,940063,940005;
_bEopC,,19266,,19461,,12345,,1,,2,,2,,1,,2,,1,,1,,
9A (mokinių mokslo metu);;;;;;;;a-b;A;Aukštakalnio žiedas - Utenėlė;12345;;940005,940062,940022,940013,940020,940011,940031,940024,940045,940019,940033,940059,940304,940307,940309,940310,940305;
_mA,,19266,,19461,,12345,,2,,2,,2,,1,,2,,3,,1,,1,,2,,1,,1,,1,,2,,3,,1,,2,,
;;;;;;;;b-a;A;Utenėlė - Aukštakalnis;12345;;940306,940311,940309,940308,940303,940053,940032,940018,940044,940025,940030,940012,940021,940014,940023,940063,940005;
o{A,,19266,,19461,,12345,,2,,2,,3,,2,,2,,1,,1,,2,,1,,1,,3,,2,,2,,2,,1,,2,,
;;;;;;;;c-a;A;Autobusų stotis - Aukštakalnis;12345;;940001,940030,940012,940021,940014,940023,940063,940005;
_hA,,19266,,19461,,12345,,1,,2,,2,,1,,2,,1,,1,,